0
202606050001
202606090001
202606100001
202606100002
202606110001
202606110002
202606110003
202606110004
202606110005
202606120001
202606120002
202606130001
202606130002
202606130003
202606140001
202606140003
202606140004
202606140005
202606150001
202606160001
202606170001
202606170002
202606170003
202606180001
202606190001
202606190002
202606190003
202606190004
202606190005
202606190006
202606190007
202606190008
202606190009
202606190010
202606190011
202606190012
202606190013
202606190014
202606200001
202606200002
202606200003
202606200004
202606200005
202606200006
202606200007
202606220001
202606220002
202606220003
202606220004
202606220005
202606270001
202606300001
202607120001
202607120002
202607130001
202607140001
202607150001
202607150002
202607150003
202607170001
202607180001
202607190001
202607190002
202607190003
202607200001
202608040001
202608060001
202608060002
202608070001
202608070002
202608080001
202608080002
202608080003
202608090001
202608090002
202608090003
